12.73 12.73 12.73 12.73 12.73
13.25 13.13 13.23 13.41 13.32
13.3 13.53 13.7 13.43 13.55
13.23 12.73 12.73 12.73 12.73
12.73 13.32 13.28 13.64 13.56
13.47 13.56 13.75 13.7 13.65
13.61 13.4 12.73 12.73 12.73
12.73 12.73 13.03 13.07 13.21
13.35 13.25 13.28 13.52 13.4
13.42 13.2 13.17 12.73 12.73
12.73 12.73 12.73 13.07 13.23
13.48 13.47 13.28 13.52 13.65
13.53 13.55 13.23 13.35 0
0 0 0 0 82086200
63450500 78417100 56889300 54490400 43805300
50645200 57448700 40724600 55800500 45233400
12.73 12.73 12.73 12.73 12.73
13.07 13.23 13.48 13.47 13.28
13.52 13.65 13.53 13.55 13.23
13.35
